# LCB
78
55
78
55
78
55
78
55
47
66
59
3c
59
63
59
c5
59
aa
71
95
59
aa
71
95
47
4b
78
55
78
55
78
55
78
55
47
b2
59
59
59
63
59
c5
71
3c
59
59
59
71
71
3a
47
72
47
b2
59
65
59
63
59
c5
71
3a
59
59
59
71
71
3a
47
72
47
b2
59
69
59
63
59
c5
71
39
59
59
59
71
71
3a
47
72
47
b2
59
cc
59
63
59
c5
71
b8
71
59
59
71
71
3a
47
72
47
b2
59
53
59
63
59
c5
71
b8
59
63
59
71
71
3a
47
72
47
b2
59
d4
59
63
59
c5
71
b8
59
53
59
71
71
3a
47
72
47
b2
59
d8
59
63
59
c5
71
b8
59
69
59
71
71
3a
47
72
47
b2
59
9c
59
63
59
c5
71
b8
59
65
59
71
71
3a
47
72
47
b2
59
63
59
63
59
c5
71
b8
59
72
59
71
71
3a
47
72
47
b2
59
e4
59
63
59
c5
71
b8
59
71
59
71
71
3a
47
72
47
b2
59
e8
59
63
59
c5
71
b8
59
59
71
71
71
3a
47
72
78
55
78
55
78
55
78
55
47
66
71
3c
59
63
59
59
59
59
59
59
59
59
59
59
47
4b
78
55
