# LCB
78
55
78
55
78
55
78
55
47
5c
59
3c
71
53
59
87
71
66
71
3c
59
59
59
59
47
4b
78
55
78
55
78
55
78
55
47
53
59
3c
71
53
59
65
59
59
59
59
59
59
59
59
47
59
47
d1
59
3c
71
53
59
72
59
59
59
59
59
59
59
59
47
71
47
d2
59
3c
71
53
59
71
59
59
59
59
59
59
59
59
47
72
47
93
59
3c
71
53
59
59
71
59
59
59
59
59
59
59
47
c3
47
d4
59
3c
71
53
59
59
59
63
59
59
59
59
59
59
47
65
47
95
59
3c
71
53
59
59
59
53
59
59
59
59
59
59
47
c5
47
96
59
3c
71
53
59
59
59
69
59
59
59
59
59
59
47
c6
47
17
59
3c
71
53
59
59
59
65
59
59
59
59
59
59
47
87
47
d8
59
3c
71
53
59
59
59
72
59
59
59
59
59
59
47
69
47
99
59
3c
71
53
59
59
59
71
59
59
59
59
59
59
47
c9
47
9a
59
3c
71
53
59
59
59
59
71
59
59
59
59
59
47
ca
47
1b
59
3c
71
53
59
59
59
59
59
63
59
59
59
59
47
8b
47
9c
59
3c
71
53
59
59
59
59
59
53
59
59
59
59
47
cc
47
1d
59
3c
71
53
59
59
59
59
59
69
59
59
59
59
47
8d
78
55
78
55
78
55
78
55
47
5c
71
3c
71
53
59
59
59
59
59
59
59
59
59
59
47
4b
78
55
